281  620
264  590
302  581
315  618
315  618
302  581
341  574
349  619
350  618
342  575
380  567
385  618
385  618
380  566
418  559
420  618
419  619
420  561
460  568
454  617
454  618
459  566
496  575
489  618
490  618
498  576
536  582
523  620
524  618
537  582
575  590
559  620
264  591
246  560
288  545
302  581
302  581
288  545
331  531
342  575
342  574
332  530
375  514
380  565
380  565
376  514
419  500
419  558
419  559
419  499
462  514
457  567
459  567
463  516
505  530
497  574
497  574
507  529
550  545
536  581
537  582
550  546
593  560
575  592
245  559
230  529
275  507
289  542
289  543
276  507
324  484
332  529
332  529
324  484
371  462
376  514
376  514
372  462
419  440
420  499
419  499
420  439
467  461
462  515
462  513
466  463
514  485
506  528
506  529
514  486
562  507
549  543
549  545
561  508
611  529
593  560
228  530
211  500
264  469
276  507
275  507
264  469
315  439
324  484
323  484
315  439
366  410
371  461
371  461
367  410
418  379
418  438
420  438
420  378
472  410
467  460
467  462
472  409
524  438
514  484
514  483
522  440
575  469
562  506
561  506
575  469
628  499
611  528
211  499
192  468
236  439
263  469
263  469
236  439
279  410
313  438
314  438
281  410
322  380
367  410
367  409
325  379
368  350
418  378
419  378
367  349
372  296
418  320
420  379
421  318
466  298
471  349
420  380
473  349
514  378
473  409
473  410
515  378
557  410
524  439
524  439
558  409
602  439
575  469
577  469
601  440
645  469
628  499
193  470
176  439
211  411
236  439
236  439
210  408
245  379
280  408
280  408
245  379
280  349
323  378
323  377
280  348
314  320
366  347
367  348
315  318
325  273
371  297
372  296
326  273
333  228
376  244
371  297
376  244
417  256
419  316
420  318
420  257
462  244
467  294
467  296
463  244
505  231
514  274
470  349
466  294
516  274
524  317
514  380
474  349
522  320
558  351
514  378
556  350
593  380
561  406
559  409
592  378
629  410
605  439
603  437
628  410
662  438
644  469
176  438
159  410
187  379
212  408
212  410
187  379
211  351
244  379
246  380
211  349
237  321
278  348
280  349
237  320
262  291
310  318
314  319
262  288
275  253
322  271
325  273
274  251
290  214
330  228
331  227
288  212
303  177
342  186
332  229
342  183
381  191
375  243
378  242
380  191
420  197
420  257
420  258
421  198
457  191
461  242
462  243
461  192
497  184
506  227
508  227
498  186
536  179
550  213
516  273
505  229
550  217
564  253
524  319
514  274
562  251
576  290
525  319
574  290
602  318
559  349
560  349
601  321
627  350
593  377
593  380
628  350
655  381
628  409
627  408
652  378
678  409
662  437
159  408
141  378
158  349
186  378
183  378
159  348
177  318
209  349
212  349
176  318
194  292
235  320
236  318
194  288
211  259
262  287
263  288
211  260
229  230
275  251
272  250
228  225
246  198
288  214
290  214
246  199
263  169
301  176
302  176
265  168
281  139
315  139
302  174
315  138
349  141
342  183
343  183
351  140
385  140
382  190
382  190
386  139
419  141
420  198
420  197
419  139
454  139
458  192
459  191
455  139
490  140
498  183
498  182
487  139
523  141
538  176
538  176
524  139
559  140
576  169
550  212
535  176
575  170
592  199
563  253
549  215
593  199
610  228
576  288
564  254
610  230
628  260
601  319
576  291
627  260
644  289
628  347
602  319
644  290
662  319
655  379
628  349
661  321
678  350
680  407
655  380
680  350
699  378
